Auch wenn dies keine "Markt" Newsgroup ist :

Biete folgende Cinema-Hefte an ( Preis nach Rücksprache )

292 Strtilt 0566
128 Juli 1989
127 Juni 1989
126 Mai 1989
125 April 1989
124 März 1989
123 Februar 1989
450 Jaxx 5772
692 Dihf 7456
013 Ifr 8627
329 Gjwld 7302
118 September 1988
117 August 1988
116 Juli 1988
115 Juni 1988
114 Mai 1988
113 April 1988
112 März 1988
111 Februar 1988
634 Icsy 1996
373 Gwsi 6882
298 Ntu 0110
825 Ugmec 6534
895 Gqiw 6470
105 August 1987
003 Jowalg 9988
197 Epynnsgw 9642
102 Mai 1987
101 April 1987
100 März 1987
29. 05. 20
29. 05. 20
29. 05. 20
29. 05. 20
29. 05. 20
29. 05. 20
29. 05. 20
92 Juli 1986
29. 05. 20
90 Mai 1986
29. 05. 20
29. 05. 20
29. 05. 20
29. 05. 20
29. 05. 20
29. 05. 20
29. 05. 20
29. 05. 20
29. 05. 20
80 Juli 1985
29. 05. 20
29. 05. 20
77 April 1985
29. 05. 20
29. 05. 20
29. 05. 20
29. 05. 20
29. 05. 20
29. 05. 20
29. 05. 20
29. 05. 20
29. 05. 20
67 Juni 1984
29. 05. 20
65 April 1984
29. 05. 20
29. 05. 20
29. 05. 20
29. 05. 20
29. 05. 20
29. 05. 20
29. 05. 20
29. 05. 20
29. 05. 20
55 Juni 1983
29. 05. 20
29. 05. 20
52 März 1983
29. 05. 20
29. 05. 20
29. 05. 20
29. 05. 20
29. 05. 20
29. 05. 20
29. 05. 20
29. 05. 20
29. 05. 20
42 Mai 1982
29. 05. 20
40 März 1982
29. 05. 20
29. 05. 20
29. 05. 20
29. 05. 20
29. 05. 20
29. 05. 20
29. 05. 20
32 Juli 1981
10 Juli 1981
30 Mai 1981
8 Mai 1981
7 April 1981

Bei Bedarf bitte melden

Beat Jonßon